[array([[0.58544993, 0.86463461, 0.79663815, 0.72504227, 0.4495001 ],
       [0.52783019, 0.89677172, 0.8069273 , 0.71230095, 0.45031218],
       [0.44296081, 0.82953761, 0.73540132, 0.63624921, 0.26265003],
       [0.49147315, 0.88812208, 0.79148691, 0.68979761, 0.40442605],
       [0.50286647, 0.90543287, 0.80738804, 0.70414967, 0.4433741 ]]), array([[0.67572569, 0.89494287, 0.84153099, 0.78533428, 0.57089617],
       [0.58744557, 0.90358101, 0.82657766, 0.74551329, 0.51246446],
       [0.56625544, 0.56603021, 0.56597911, 0.56614283, 0.1218828 ],
       [0.59495646, 0.86960356, 0.80272819, 0.73228001, 0.46593468],
       [0.51059507, 0.91161337, 0.81394107, 0.71110422, 0.46191049]]), array([[ 0.61817852,  0.89186412,  0.82516265,  0.75502132,  0.51896756],
       [ 0.61825109,  0.90605398,  0.83593005,  0.76215254,  0.54198319],
       [ 0.50689405,  0.34583621,  0.38515937,  0.42636513, -0.15737558],
       [ 0.63530479,  0.87705314,  0.81816874,  0.75617896,  0.51238442],
       [ 0.53563135,  0.91469596,  0.82235887,  0.72516365,  0.48866233]]), array([[ 1.61248186e-01,  8.38681850e-01,  6.73670217e-01,
         4.99965018e-01,  8.37382037e-04],
       [ 3.26923077e-02,  9.79618127e-01,  7.48958953e-01,
         5.06155218e-01,  3.53122416e-02],
       [ 6.55878084e-01,  4.05938962e-01,  4.67036682e-01,
         5.30908523e-01,  5.81938308e-02],
       [ 2.57365747e-01,  7.40426348e-01,  6.22750606e-01,
         4.98896048e-01, -3.01250385e-03],
       [ 0.00000000e+00,  1.00000000e+00,  7.56429088e-01,
         5.00000000e-01,  0.00000000e+00]])]
