[array([[0.61037736, 0.87146308, 0.80786409, 0.74092022, 0.48097634],
       [0.52572569, 0.89741584, 0.80691639, 0.71157077, 0.44925429],
       [0.56030479, 0.89246223, 0.81158492, 0.72638351, 0.47042712],
       [0.48359942, 0.8875393 , 0.78914628, 0.68556936, 0.39687722],
       [0.50076197, 0.90545204, 0.80692076, 0.703107  , 0.44169864]]), array([[0.64684325, 0.88936815, 0.8302984 , 0.7681057 , 0.53810195],
       [0.58327286, 0.9029714 , 0.82514296, 0.74312213, 0.5079042 ],
       [0.5717344 , 0.9029714 , 0.82233266, 0.7373529 , 0.49807573],
       [0.61222787, 0.87022851, 0.80739465, 0.74122819, 0.48023544],
       [0.51422351, 0.90977302, 0.81346503, 0.71199827, 0.4614046 ]]), array([[0.62166183, 0.90731539, 0.8377839 , 0.76448861, 0.54859039],
       [0.61600145, 0.90544053, 0.83496482, 0.76072099, 0.54033987],
       [0.59107402, 0.91163254, 0.83357608, 0.75135328, 0.52999442],
       [0.64314224, 0.87827237, 0.82098101, 0.7607073 , 0.51800043],
       [0.5238389 , 0.91224216, 0.81766844, 0.71804053, 0.47416366]]), array([[ 0.10939768,  0.8566406 ,  0.67462887,  0.48301914, -0.04163771],
       [ 0.03261974,  0.98022008,  0.74941099,  0.50641991,  0.03067186],
       [ 0.        ,  1.        ,  0.75642909,  0.5       ,  0.        ],
       [ 0.2820029 ,  0.74288015,  0.63063126,  0.51244152,  0.0241681 ],
       [ 0.        ,  1.        ,  0.75642909,  0.5       ,  0.        ]])]
